#Tue Jan 14 20:14:31 CET 2020
letter.a.probability=0.08427240685901356
letter.b.probability=0.014032200578184746
letter.c.probability=0.016425903028649626
letter.d.probability=0.053039870106440554
letter.e.probability=0.12141659663033579
letter.f.probability=0.021490519794247195
letter.g.probability=0.023096588533989253
letter.h.probability=0.07831895205114779
letter.i.probability=0.06543080043825876
letter.j.probability=5.874251417960688E-4
letter.k.probability=0.012003713758948884
letter.l.probability=0.04301184090679081
letter.m.probability=0.023543207649287388
letter.n.probability=0.06771669827468615
letter.o.probability=0.07085843274092131
letter.p.probability=0.010762860650435838
letter.q.probability=0.001029644068766143
letter.r.probability=0.060938208155309044
letter.s.probability=0.061312224163194186
letter.t.probability=0.09070768228880197
letter.u.probability=0.025105274505748846
letter.v.probability=0.008437361119055896
letter.w.probability=0.027703585713468537
letter.x.probability=3.872165728693188E-4
letter.y.probability=0.01807597365167229
letter.z.probability=2.9481261798004955E-4
standardWordLength=4.203158026725898
supportedCharacters=abcdefghijklmnopqrstuvwxyz
