#Mon Jan 13 17:52:00 CET 2020
letter.a.probability=0.06304288983488766
letter.b.probability=0.01570740749854409
letter.c.probability=0.03926441759557732
letter.d.probability=0.04856582757121648
letter.e.probability=0.16325861036606873
letter.f.probability=0.016060106465874323
letter.g.probability=0.03003682833403053
letter.h.probability=0.05861364698934521
letter.i.probability=0.08684596897889547
letter.j.probability=0.0016404603131638738
letter.k.probability=0.01428840932765734
letter.l.probability=0.0371810329978592
letter.m.probability=0.02355701009703323
letter.n.probability=0.09567984776528293
letter.o.probability=0.019587096139176655
letter.p.probability=0.006020489349311417
letter.q.probability=2.0505753914548422E-4
letter.r.probability=0.06205041134542352
letter.s.probability=0.06578245855787133
letter.t.probability=0.055947898980453915
letter.u.probability=0.037656766488676725
letter.v.probability=0.005602171969454629
letter.w.probability=0.020858452881878656
letter.x.probability=6.561841252655496E-5
letter.y.probability=6.561841252655496E-5
letter.z.probability=0.012303452348729054
letter.\u00DF.probability=0.00506902236767637
letter.\u00E4.probability=0.0045686819721613885
letter.\u00F6.probability=0.0049869993520181765
letter.\u00FC.probability=0.005487339747533158
standardWordLength=5.040503342508848
supportedCharacters=\u00DFabc\u00E4defghijklmnopqrstu\u00F6vwxyz\u00FC
